2 0 Car 0 0 0 539.595 148.141 644.915 179.568 1.300 1.801 4.392 -0.619 0.398 31.534 -81.122 1
2 2 Car 0 0 0 255.828 163.289 326.026 183.081 1.300 1.789 4.277 -21.439 0.673 49.410 -62.713 1
3 0 Car 0 0 0 539.621 148.153 644.902 179.568 1.300 1.801 4.392 -0.619 0.398 31.546 -81.122 1
3 2 Car 0 0 0 255.801 163.287 326.004 183.081 1.300 1.789 4.277 -21.439 0.673 49.406 -62.713 1
3 1 Car 0 0 0 653.358 158.217 690.741 178.860 1.300 1.790 4.504 4.554 0.646 48.464 165.833 1
4 0 Car 0 0 0 545.719 148.177 650.769 179.462 1.300 1.801 4.392 -0.359 0.397 31.677 -81.121 1
4 2 Car 0 0 0 255.756 163.240 326.001 183.047 1.300 1.789 4.277 -21.428 0.670 49.377 -62.712 1
4 1 Car 0 0 0 653.270 158.178 690.643 178.812 1.300 1.790 4.504 4.549 0.643 48.484 165.834 1
5 0 Car 0 0 0 558.085 148.554 662.118 179.406 1.300 1.801 4.392 0.166 0.406 32.111 -81.115 1
5 2 Car 0 0 0 256.287 163.292 326.505 183.090 1.300 1.789 4.277 -21.400 0.674 49.394 -62.712 1
5 1 Car 0 0 0 653.552 158.232 690.900 178.864 1.300 1.790 4.504 4.568 0.646 48.487 165.835 1
6 0 Car 0 0 0 565.810 148.767 669.106 179.323 1.300 1.801 4.392 0.499 0.410 32.418 -81.112 1
6 2 Car 0 0 0 256.259 163.287 326.480 183.086 1.300 1.789 4.277 -21.401 0.674 49.392 -62.712 1
6 1 Car 0 0 0 653.833 158.209 691.152 178.838 1.300 1.790 4.504 4.586 0.645 48.495 165.836 1
7 0 Car 0 0 0 567.883 148.881 670.774 179.297 1.300 1.801 4.392 0.587 0.411 32.565 -81.112 1
7 2 Car 0 0 0 256.316 163.258 326.536 183.059 1.300 1.789 4.277 -21.397 0.672 49.392 -62.712 1
7 1 Car 0 0 0 653.893 158.200 691.208 178.830 1.300 1.790 4.504 4.590 0.644 48.494 165.836 1
8 0 Car 0 0 0 595.817 148.989 698.253 178.996 1.300 1.801 4.392 1.865 0.416 33.003 -81.103 1
8 2 Car 0 0 0 255.533 163.234 325.867 183.063 1.300 1.789 4.277 -21.418 0.671 49.326 -62.676 1
8 1 Car 0 0 0 654.339 158.325 691.371 178.810 1.300 1.790 4.504 4.641 0.648 48.819 165.846 1
9 0 Car 0 0 0 610.563 148.958 712.957 178.811 1.300 1.801 4.392 2.553 0.416 33.172 -81.098 1
9 2 Car 0 0 0 255.432 163.207 325.784 183.041 1.300 1.789 4.277 -21.419 0.669 49.314 -62.676 1
9 1 Car 0 0 0 654.281 158.311 691.273 178.770 1.300 1.790 4.504 4.642 0.646 48.879 165.846 1
10 0 Car 0 0 0 624.495 149.220 726.188 178.734 1.300 1.801 4.392 3.215 0.424 33.545 -81.092 1
10 2 Car 0 0 0 255.444 163.237 325.809 183.074 1.300 1.789 4.277 -21.414 0.671 49.305 -62.676 1
10 1 Car 0 0 0 654.321 158.391 691.268 178.823 1.300 1.790 4.504 4.648 0.650 48.938 165.846 1
11 0 Car 0 0 0 637.415 149.571 737.905 178.614 1.300 1.801 4.392 3.851 0.431 34.079 -81.086 1
11 2 Car 0 0 0 256.093 163.263 326.336 183.065 1.300 1.789 4.277 -21.410 0.672 49.388 -62.676 1
11 1 Car 0 0 0 654.215 158.408 691.126 178.815 1.300 1.790 4.504 4.646 0.650 48.998 165.846 1
12 0 Car 0 0 0 648.855 149.990 747.939 178.522 1.300 1.801 4.392 4.438 0.439 34.680 -81.079 1
12 2 Car 0 0 0 256.373 163.282 326.598 183.075 1.300 1.789 4.277 -21.401 0.673 49.410 -62.640 1
12 1 Car 0 0 0 653.840 158.452 690.718 178.821 1.300 1.790 4.504 4.627 0.652 49.082 165.847 1
13 0 Car 0 0 0 658.803 150.410 756.434 178.434 1.300 1.801 4.392 4.972 0.448 35.299 -81.071 1
13 2 Car 0 0 0 256.393 163.275 326.616 183.068 1.300 1.789 4.277 -21.400 0.673 49.411 -62.640 1
13 1 Car 0 0 0 653.703 158.360 690.725 178.810 1.300 1.790 4.504 4.605 0.648 48.897 165.848 1
14 0 Car 0 0 0 667.744 150.782 763.945 178.318 1.300 1.801 4.392 5.471 0.454 35.916 -81.063 1
14 2 Car 0 0 0 256.388 163.209 326.609 183.005 1.300 1.789 4.277 -21.401 0.668 49.412 -62.640 1
14 1 Car 0 0 0 653.751 158.240 690.878 178.758 1.300 1.790 4.504 4.598 0.643 48.747 165.848 1
15 0 Car 0 0 0 675.800 151.259 770.650 178.336 1.300 1.801 4.392 5.938 0.467 36.512 -81.055 1
15 2 Car 0 0 0 256.466 163.310 326.681 183.100 1.300 1.789 4.277 -21.397 0.675 49.416 -62.640 1
15 1 Car 0 0 0 653.620 158.297 690.808 178.845 1.300 1.790 4.504 4.585 0.648 48.676 165.849 1
16 0 Car 0 0 0 682.647 151.585 776.069 178.199 1.300 1.801 4.392 6.360 0.471 37.141 -81.046 1
16 2 Car 0 0 0 256.570 163.263 326.736 183.038 1.300 1.789 4.277 -21.411 0.671 49.461 -62.606 1
16 1 Car 0 0 0 653.572 158.184 690.798 178.754 1.300 1.790 4.504 4.578 0.641 48.628 165.850 1
17 0 Car 0 0 0 688.575 152.101 780.561 178.254 1.300 1.801 4.392 6.745 0.486 37.782 -81.037 1
17 2 Car 0 0 0 256.639 163.347 326.795 183.116 1.300 1.789 4.277 -21.410 0.677 49.467 -62.606 1
17 1 Car 0 0 0 653.593 158.265 690.837 178.846 1.300 1.790 4.504 4.578 0.647 48.600 165.851 1
18 0 Car 0 0 0 693.914 152.527 784.448 178.223 1.300 1.801 4.392 7.112 0.495 38.443 -81.027 1
18 2 Car 0 0 0 262.961 163.560 332.241 183.086 1.300 1.789 4.277 -21.261 0.687 50.061 -62.597 1
18 1 Car 0 0 0 653.644 158.253 690.904 178.848 1.300 1.790 4.504 4.579 0.646 48.572 165.852 1
19 0 Car 0 0 0 698.519 152.955 787.577 178.195 1.300 1.801 4.392 7.451 0.505 39.127 -81.017 1
19 2 Car 0 0 0 261.445 163.584 330.959 183.173 1.300 1.789 4.277 -21.288 0.690 49.900 -62.598 1
19 1 Car 0 0 0 653.621 158.329 690.894 178.930 1.300 1.790 4.504 4.576 0.652 48.555 165.853 1
20 0 Car 0 0 0 698.507 152.956 787.567 178.197 1.300 1.801 4.392 7.450 0.505 39.126 -81.017 1
20 2 Car 0 0 0 261.462 163.498 330.976 183.089 1.300 1.789 4.277 -21.287 0.684 49.900 -62.598 1
20 1 Car 0 0 0 653.653 158.240 690.926 178.843 1.300 1.790 4.504 4.578 0.646 48.552 165.853 1
21 0 Car 0 0 0 705.770 153.725 792.199 178.164 1.300 1.801 4.392 8.028 0.524 40.391 -81.006 1
21 2 Car 0 0 0 261.830 163.521 331.252 183.086 1.300 1.789 4.277 -21.292 0.685 49.964 -62.598 1
21 1 Car 0 0 0 653.616 158.245 690.900 178.853 1.300 1.790 4.504 4.575 0.646 48.540 165.854 1
22 0 Car 0 0 0 708.814 154.073 793.766 178.074 1.300 1.801 4.392 8.308 0.530 41.123 -81.006 1
22 2 Car 0 0 0 260.155 163.405 329.851 183.045 1.300 1.789 4.277 -21.322 0.679 49.787 -62.563 1
22 1 Car 0 0 0 653.658 158.159 690.953 178.777 1.300 1.790 4.504 4.576 0.641 48.519 165.855 1
23 0 Car 0 0 0 712.051 154.599 795.273 178.085 1.300 1.801 4.392 8.628 0.544 42.008 -80.995 1
23 2 Car 0 0 0 259.953 163.392 329.738 183.054 1.300 1.789 4.277 -21.311 0.679 49.735 -62.528 1
23 1 Car 0 0 0 653.742 158.173 691.039 178.798 1.300 1.790 4.504 4.580 0.642 48.504 165.857 1
24 0 Car 0 0 0 714.192 155.017 795.957 178.076 1.300 1.801 4.392 8.872 0.555 42.776 -80.983 1
24 2 Car 0 0 0 260.047 163.402 329.809 183.057 1.300 1.789 4.277 -21.312 0.679 49.751 -62.528 1
24 1 Car 0 0 0 653.817 158.164 691.114 178.793 1.300 1.790 4.504 4.585 0.642 48.495 165.858 1
25 0 Car 0 0 0 714.907 155.038 796.469 178.036 1.300 1.801 4.392 8.932 0.554 42.891 -80.983 1
25 2 Car 0 0 0 259.731 163.354 329.589 183.037 1.300 1.789 4.277 -21.302 0.677 49.684 -62.528 1
25 1 Car 0 0 0 653.865 158.130 691.160 178.760 1.300 1.790 4.504 4.588 0.640 48.493 165.858 1
26 0 Car 0 0 0 716.284 155.417 796.638 178.063 1.300 1.801 4.392 9.117 0.565 43.546 -80.983 1
26 2 Car 0 0 0 259.867 163.372 329.707 183.049 1.300 1.789 4.277 -21.298 0.678 49.696 -62.528 1
26 1 Car 0 0 0 653.969 158.151 691.260 178.783 1.300 1.790 4.504 4.594 0.641 48.487 165.858 1
27 0 Car 0 0 0 718.070 155.790 797.017 178.028 1.300 1.801 4.392 9.352 0.575 44.337 -80.970 1
27 2 Car 0 0 0 258.934 163.339 328.873 183.040 1.300 1.789 4.277 -21.335 0.676 49.642 -62.493 1
27 1 Car 0 0 0 654.008 158.116 691.294 178.749 1.300 1.790 4.504 4.596 0.639 48.487 165.859 1
28 0 Car 0 0 0 720.611 156.241 797.918 178.000 1.300 1.801 4.392 9.666 0.587 45.301 -80.970 1
28 2 Car 0 0 0 258.780 163.291 328.789 183.010 1.300 1.789 4.277 -21.327 0.673 49.603 -62.457 1
28 1 Car 0 0 0 653.878 158.093 691.168 178.723 1.300 1.790 4.504 4.588 0.638 48.493 165.861 1
28 20 Car 0 0 0 677.280 160.637 704.646 178.609 1.300 1.597 3.618 6.563 0.728 54.768 166.151 1
29 0 Car 0 0 0 724.079 157.087 798.671 178.058 1.300 1.801 4.392 10.166 0.615 46.981 -80.957 1
29 2 Car 0 0 0 258.933 163.362 328.927 183.074 1.300 1.789 4.277 -21.321 0.678 49.613 -62.457 1
29 1 Car 0 0 0 654.033 158.149 691.317 178.783 1.300 1.790 4.504 4.598 0.641 48.483 165.863 1
29 20 Car 0 0 0 677.374 160.721 704.706 178.672 1.300 1.597 3.618 6.576 0.733 54.829 166.150 1
30 0 Car 0 0 0 724.544 157.405 797.999 178.053 1.300 1.801 4.392 10.318 0.624 47.707 -80.957 1
30 2 Car 0 0 0 258.920 163.351 328.910 183.062 1.300 1.789 4.277 -21.323 0.677 49.616 -62.457 1
30 1 Car 0 0 0 654.036 158.131 691.322 178.767 1.300 1.790 4.504 4.598 0.640 48.480 165.863 1
30 20 Car 0 0 0 677.338 160.710 704.665 178.657 1.300 1.597 3.618 6.575 0.732 54.842 166.150 1
31 0 Car 0 0 0 724.668 157.378 798.126 178.027 1.300 1.801 4.392 10.326 0.623 47.706 -80.957 1
31 2 Car 0 0 0 259.070 163.304 329.053 183.016 1.300 1.789 4.277 -21.315 0.674 49.620 -62.457 1
31 1 Car 0 0 0 654.163 158.100 691.440 178.736 1.300 1.790 4.504 4.606 0.638 48.480 165.863 1
31 20 Car 0 0 0 677.462 160.681 704.783 178.628 1.300 1.597 3.618 6.584 0.730 54.842 166.150 1
32 0 Car 0 0 0 726.561 157.897 798.502 178.105 1.300 1.801 4.392 10.627 0.643 48.730 -80.943 1
32 2 Car 0 0 0 259.032 163.384 329.012 183.092 1.300 1.789 4.277 -21.319 0.679 49.622 -62.457 1
32 1 Car 0 0 0 654.117 158.182 691.394 178.816 1.300 1.790 4.504 4.603 0.644 48.482 165.865 1
32 20 Car 0 0 0 676.724 160.797 704.046 178.716 1.300 1.597 3.618 6.538 0.737 54.923 166.151 1
33 0 Car 0 0 0 727.607 158.180 798.259 178.021 1.300 1.801 4.392 10.852 0.650 49.625 -80.943 1
33 2 Car 0 0 0 259.053 163.301 329.027 183.010 1.300 1.789 4.277 -21.319 0.674 49.626 -62.457 1
33 1 Car 0 0 0 654.154 158.084 691.430 178.722 1.300 1.790 4.504 4.605 0.637 48.477 165.866 1
33 20 Car 0 0 0 675.482 160.705 702.889 178.637 1.300 1.597 3.618 6.442 0.730 54.886 166.154 1
34 0 Car 0 0 0 730.311 158.975 798.404 178.080 1.300 1.801 4.392 11.371 0.681 51.513 -80.943 1
34 2 Car 0 0 0 259.075 163.337 329.095 183.054 1.300 1.789 4.277 -21.306 0.676 49.604 -62.422 1
34 1 Car 0 0 0 654.177 158.139 691.444 178.773 1.300 1.790 4.504 4.607 0.641 48.486 165.867 1
34 20 Car 0 0 0 675.181 160.731 702.642 178.691 1.300 1.597 3.618 6.411 0.733 54.803 166.156 1
35 0 Car 0 0 0 730.885 159.224 797.944 178.036 1.300 1.801 4.392 11.552 0.688 52.308 -80.943 1
35 2 Car 0 0 0 259.089 163.274 329.106 182.993 1.300 1.789 4.277 -21.306 0.672 49.605 -62.422 1
35 1 Car 0 0 0 654.201 158.080 691.467 178.715 1.300 1.790 4.504 4.608 0.637 48.484 165.867 1
35 20 Car 0 0 0 675.188 160.676 702.650 178.636 1.300 1.597 3.618 6.412 0.729 54.803 166.156 1
36 0 Car 0 0 0 732.241 159.912 797.088 178.095 1.300 1.801 4.392 11.969 0.717 54.097 -80.930 1
36 2 Car 0 0 0 259.068 163.302 329.087 183.020 1.300 1.789 4.277 -21.307 0.674 49.605 -62.422 1
36 1 Car 0 0 0 654.140 158.123 691.403 178.753 1.300 1.790 4.504 4.605 0.640 48.493 165.868 1
36 20 Car 0 0 0 675.262 160.714 702.721 178.676 1.300 1.597 3.618 6.417 0.732 54.798 166.156 1
37 0 Car 0 0 0 732.014 159.588 797.706 178.011 1.300 1.801 4.392 11.829 0.702 53.404 -80.930 1
37 2 Car 0 0 0 259.095 163.220 329.111 182.940 1.300 1.789 4.277 -21.306 0.669 49.607 -62.422 1
37 1 Car 0 0 0 654.159 158.043 691.416 178.672 1.300 1.790 4.504 4.606 0.634 48.497 165.869 1
37 20 Car 0 0 0 675.194 160.635 702.660 178.600 1.300 1.597 3.618 6.411 0.726 54.791 166.158 1
38 0 Car 0 0 0 732.769 159.912 797.278 177.999 1.300 1.801 4.392 12.061 0.714 54.386 -80.930 1
38 2 Car 0 0 0 259.096 163.197 329.110 182.917 1.300 1.789 4.277 -21.307 0.667 49.608 -62.422 1
38 1 Car 0 0 0 654.175 158.015 691.432 178.646 1.300 1.790 4.504 4.607 0.633 48.494 165.870 1
38 20 Car 0 0 0 675.368 160.578 702.866 178.573 1.300 1.597 3.618 6.415 0.723 54.704 166.159 1
39 0 Car 0 0 0 733.190 160.235 796.524 177.991 1.300 1.801 4.392 12.273 0.727 55.393 -80.916 1
39 2 Car 0 0 0 258.925 163.133 329.089 182.894 1.300 1.789 4.277 -21.273 0.664 49.513 -62.386 1
39 1 Car 0 0 0 654.200 157.987 691.456 178.619 1.300 1.790 4.504 4.609 0.631 48.492 165.871 1
39 20 Car 0 0 0 675.422 160.541 702.934 178.548 1.300 1.597 3.618 6.416 0.721 54.667 166.160 1
40 0 Car 0 0 0 734.064 160.847 795.317 178.014 1.300 1.801 4.392 12.680 0.755 57.272 -80.916 1
40 2 Car 0 0 0 258.963 163.126 329.139 182.891 1.300 1.789 4.277 -21.266 0.664 49.504 -62.386 1
40 1 Car 0 0 0 654.226 157.983 691.475 178.612 1.300 1.790 4.504 4.611 0.631 48.497 165.872 1
40 20 Car 0 0 0 675.711 160.522 703.226 178.543 1.300 1.597 3.618 6.433 0.720 54.628 166.159 1
41 0 Car 0 0 0 733.633 160.844 794.746 177.975 1.300 1.801 4.392 12.667 0.753 57.395 -80.916 1
41 2 Car 0 0 0 258.950 163.069 329.127 182.836 1.300 1.789 4.277 -21.266 0.660 49.503 -62.386 1
41 1 Car 0 0 0 654.235 157.928 691.484 178.559 1.300 1.790 4.504 4.611 0.627 48.495 165.873 1
41 20 Car 0 0 0 675.804 160.462 703.327 178.493 1.300 1.597 3.618 6.438 0.716 54.602 166.160 1
42 0 Car 0 0 0 733.992 161.428 793.083 177.989 1.300 1.801 4.392 13.048 0.780 59.348 -80.902 1
42 2 Car 0 0 0 258.979 163.037 329.169 182.808 1.300 1.789 4.277 -21.260 0.658 49.494 -62.386 1
42 1 Car 0 0 0 654.255 157.908 691.499 178.538 1.300 1.790 4.504 4.613 0.626 48.499 165.874 1
42 20 Car 0 0 0 675.999 160.442 703.508 178.473 1.300 1.597 3.618 6.452 0.715 54.607 166.160 1
43 0 Car 0 0 0 734.331 162.093 791.337 178.067 1.300 1.801 4.392 13.465 0.815 61.505 -80.902 1
43 2 Car 0 0 0 258.972 163.073 329.213 182.854 1.300 1.789 4.277 -21.248 0.661 49.468 -62.350 1
43 1 Car 0 0 0 654.337 157.956 691.572 178.584 1.300 1.790 4.504 4.618 0.629 48.501 165.875 1
43 20 Car 0 0 0 675.973 160.503 703.466 178.519 1.300 1.597 3.618 6.454 0.719 54.642 166.161 1
44 0 Car 0 0 0 734.327 161.995 791.332 177.971 1.300 1.801 4.392 13.465 0.807 61.506 -80.902 1
44 2 Car 0 0 0 258.966 163.003 329.216 182.789 1.300 1.789 4.277 -21.245 0.656 49.462 -62.350 1
44 1 Car 0 0 0 654.336 157.862 691.571 178.491 1.300 1.790 4.504 4.618 0.623 48.500 165.875 1
44 20 Car 0 0 0 676.000 160.404 703.496 178.430 1.300 1.597 3.618 6.455 0.711 54.631 166.161 1
45 0 Car 0 0 0 734.330 162.062 791.335 178.037 1.300 1.801 4.392 13.465 0.813 61.506 -80.902 1
45 2 Car 0 0 0 258.970 163.077 329.220 182.860 1.300 1.789 4.277 -21.245 0.661 49.462 -62.350 1
45 1 Car 0 0 0 654.339 157.932 691.574 178.561 1.300 1.790 4.504 4.618 0.627 48.500 165.875 1
45 20 Car 0 0 0 676.003 160.473 703.499 178.495 1.300 1.597 3.618 6.455 0.717 54.631 166.161 1
46 0 Car 0 0 0 733.976 162.342 789.871 178.008 1.300 1.801 4.392 13.651 0.826 62.710 -80.902 1
46 2 Car 0 0 0 261.441 163.337 330.515 182.781 1.300 1.789 4.277 -21.474 0.669 50.302 -62.319 1
46 1 Car 0 0 0 654.445 157.868 691.672 178.499 1.300 1.790 4.504 4.625 0.623 48.497 165.877 1
46 20 Car 0 0 0 676.136 160.422 703.613 178.439 1.300 1.597 3.618 6.467 0.713 54.655 166.161 1
47 0 Car 0 0 0 734.413 162.881 788.453 178.025 1.300 1.801 4.392 14.077 0.856 64.854 -80.889 1
47 2 Car 0 0 0 261.635 163.284 330.953 182.795 1.300 1.789 4.277 -21.381 0.667 50.134 -62.284 1
47 1 Car 0 0 0 654.379 157.870 691.601 178.496 1.300 1.790 4.504 4.621 0.623 48.508 165.879 1
47 20 Car 0 0 0 676.004 160.436 703.463 178.436 1.300 1.597 3.618 6.463 0.713 54.707 166.162 1
48 0 Car 0 0 0 734.606 163.405 786.919 178.064 1.300 1.801 4.392 14.480 0.888 66.982 -80.889 1
48 2 Car 0 0 0 261.855 163.234 331.378 182.803 1.300 1.789 4.277 -21.299 0.666 49.994 -62.249 1
48 1 Car 0 0 0 654.364 157.887 691.584 178.511 1.300 1.790 4.504 4.620 0.624 48.511 165.879 1
48 20 Car 0 0 0 675.833 160.473 703.272 178.452 1.300 1.597 3.618 6.456 0.715 54.766 166.163 1
49 0 Car 0 0 0 734.646 163.428 786.960 178.086 1.300 1.801 4.392 14.483 0.890 66.982 -80.889 1
49 2 Car 0 0 0 262.088 163.277 331.584 182.837 1.300 1.789 4.277 -21.292 0.669 50.012 -62.249 1
49 1 Car 0 0 0 654.401 157.915 691.618 178.539 1.300 1.790 4.504 4.623 0.626 48.511 165.879 1
49 20 Car 0 0 0 675.861 160.501 703.296 178.476 1.300 1.597 3.618 6.458 0.717 54.769 166.163 1
50 0 Car 0 0 0 734.582 163.479 786.813 178.113 1.300 1.801 4.392 14.496 0.894 67.087 -80.889 1
50 2 Car 0 0 0 260.841 163.246 330.526 182.857 1.300 1.789 4.277 -21.316 0.668 49.883 -62.249 1
50 1 Car 0 0 0 654.367 157.937 691.586 178.562 1.300 1.790 4.504 4.620 0.628 48.510 165.880 1
50 20 Car 0 0 0 675.895 160.511 703.345 178.497 1.300 1.597 3.618 6.457 0.718 54.733 166.164 1
51 0 Car 0 0 0 733.794 163.928 784.329 178.091 1.300 1.801 4.392 14.820 0.921 69.303 -80.889 1
51 2 Car 0 0 0 259.707 163.177 329.543 182.831 1.300 1.789 4.277 -21.345 0.664 49.782 -62.250 1
51 1 Car 0 0 0 654.425 157.873 691.641 178.500 1.300 1.790 4.504 4.624 0.624 48.507 165.882 1
51 20 Car 0 0 0 675.602 160.481 703.031 178.445 1.300 1.597 3.618 6.443 0.715 54.809 166.166 1
52 0 Car 0 0 0 733.581 164.136 783.372 178.092 1.300 1.801 4.392 14.983 0.934 70.327 -80.889 1
52 2 Car 0 0 0 259.758 163.155 329.593 182.809 1.300 1.789 4.277 -21.342 0.662 49.782 -62.250 1
52 1 Car 0 0 0 654.474 157.855 691.687 178.482 1.300 1.790 4.504 4.627 0.622 48.506 165.882 1
52 20 Car 0 0 0 675.623 160.466 703.048 178.430 1.300 1.597 3.618 6.445 0.714 54.814 166.166 1
53 0 Car 0 0 0 733.626 164.114 783.419 178.070 1.300 1.801 4.392 14.988 0.932 70.325 -80.889 1
53 2 Car 0 0 0 259.809 163.119 329.642 182.775 1.300 1.789 4.277 -21.339 0.660 49.783 -62.250 1
53 1 Car 0 0 0 654.518 157.827 691.727 178.456 1.300 1.790 4.504 4.630 0.621 48.506 165.882 1
53 20 Car 0 0 0 675.667 160.440 703.090 178.406 1.300 1.597 3.618 6.448 0.712 54.814 166.166 1
54 0 Car 0 0 0 732.982 164.544 781.345 178.102 1.300 1.801 4.392 15.290 0.962 72.375 -80.889 1
54 2 Car 0 0 0 259.113 163.090 329.194 182.808 1.300 1.789 4.277 -21.313 0.660 49.631 -62.181 1
54 1 Car 0 0 0 654.513 157.866 691.721 178.493 1.300 1.790 4.504 4.629 0.623 48.505 165.885 1
54 20 Car 0 0 0 675.247 160.514 702.650 178.448 1.300 1.597 3.618 6.426 0.716 54.899 166.168 1
55 0 Car 0 0 0 732.566 164.712 780.241 178.079 1.300 1.801 4.392 15.431 0.973 73.403 -80.889 1
55 2 Car 0 0 0 258.858 163.030 329.002 182.768 1.300 1.789 4.277 -21.310 0.656 49.588 -62.180 1
55 1 Car 0 0 0 654.496 157.792 691.702 178.424 1.300 1.790 4.504 4.629 0.618 48.508 165.885 1
55 20 Car 0 0 0 675.109 160.441 702.517 178.379 1.300 1.597 3.618 6.416 0.710 54.901 166.170 1
56 0 Car 0 0 0 732.151 164.937 779.159 178.118 1.300 1.801 4.392 15.570 0.990 74.429 -80.889 1
56 2 Car 0 0 0 258.893 163.027 329.054 182.769 1.300 1.789 4.277 -21.301 0.656 49.576 -62.180 1
56 1 Car 0 0 0 654.487 157.808 691.693 178.437 1.300 1.790 4.504 4.628 0.619 48.509 165.886 1
56 20 Car 0 0 0 675.139 160.458 702.545 178.395 1.300 1.597 3.618 6.418 0.712 54.900 166.171 1
57 0 Car 0 0 0 731.748 164.999 778.105 178.002 1.300 1.801 4.392 15.710 0.991 75.455 -80.889 1
57 2 Car 0 0 0 258.783 162.897 329.001 182.655 1.300 1.789 4.277 -21.294 0.648 49.546 -62.145 1
57 1 Car 0 0 0 654.524 157.667 691.724 178.309 1.300 1.790 4.504 4.631 0.610 48.511 165.887 1
57 20 Car 0 0 0 675.411 160.297 702.828 178.262 1.300 1.597 3.618 6.433 0.701 54.846 166.172 1
58 0 Car 0 0 0 731.282 165.257 777.006 178.082 1.300 1.801 4.392 15.842 1.013 76.482 -80.889 1
58 2 Car 0 0 0 258.862 162.929 329.096 182.691 1.300 1.789 4.277 -21.283 0.650 49.534 -62.145 1
58 1 Car 0 0 0 654.543 157.725 691.742 178.362 1.300 1.790 4.504 4.632 0.614 48.511 165.887 1
58 20 Car 0 0 0 675.411 160.358 702.826 178.318 1.300 1.597 3.618 6.433 0.705 54.850 166.172 1
59 0 Car 0 0 0 731.297 165.212 777.021 178.038 1.300 1.801 4.392 15.843 1.008 76.482 -80.889 1
59 2 Car 0 0 0 258.880 162.885 329.112 182.648 1.300 1.789 4.277 -21.282 0.648 49.535 -62.145 1
59 1 Car 0 0 0 654.655 157.672 691.850 178.317 1.300 1.790 4.504 4.638 0.611 48.503 165.888 1
59 20 Car 0 0 0 675.354 160.316 702.765 178.275 1.300 1.597 3.618 6.430 0.702 54.860 166.173 1
60 0 Car 0 0 0 729.594 165.772 773.510 178.096 1.300 1.801 4.392 16.198 1.054 79.571 -80.889 1
60 2 Car 0 0 0 258.949 162.868 329.217 182.642 1.300 1.789 4.277 -21.265 0.647 49.509 -62.145 1
60 1 Car 0 0 0 654.589 157.673 691.783 178.316 1.300 1.790 4.504 4.635 0.611 48.509 165.889 1
60 20 Car 0 0 0 675.336 160.310 702.756 178.276 1.300 1.597 3.618 6.426 0.702 54.842 166.175 1
61 0 Car 0 0 0 728.984 165.969 772.326 178.134 1.300 1.801 4.392 16.308 1.071 80.601 -80.889 1
61 2 Car 0 0 0 258.772 162.859 329.091 182.644 1.300 1.789 4.277 -21.265 0.646 49.485 -62.109 1
61 1 Car 0 0 0 654.594 157.686 691.787 178.328 1.300 1.790 4.504 4.635 0.612 48.509 165.890 1
61 20 Car 0 0 0 675.374 160.324 702.793 178.290 1.300 1.597 3.618 6.429 0.703 54.840 166.176 1
62 0 Car 0 0 0 728.989 165.909 772.331 178.076 1.300 1.801 4.392 16.309 1.064 80.600 -80.889 1
62 2 Car 0 0 0 258.811 162.848 329.148 182.638 1.300 1.789 4.277 -21.256 0.646 49.472 -62.109 1
62 1 Car 0 0 0 654.596 157.635 691.789 178.281 1.300 1.790 4.504 4.635 0.608 48.508 165.890 1
62 20 Car 0 0 0 675.361 160.273 702.778 178.241 1.300 1.597 3.618 6.428 0.699 54.843 166.176 1
63 0 Car 0 0 0 728.426 166.072 771.212 178.084 1.300 1.801 4.392 16.423 1.078 81.628 -80.889 1
63 2 Car 0 0 0 258.945 162.833 329.295 182.628 1.300 1.789 4.277 -21.242 0.645 49.462 -62.109 1
63 1 Car 0 0 0 654.668 157.629 691.852 178.275 1.300 1.790 4.504 4.640 0.608 48.510 165.892 1
63 20 Car 0 0 0 675.532 160.269 702.934 178.233 1.300 1.597 3.618 6.442 0.699 54.856 166.176 1
64 2 Car 0 0 0 259.035 162.821 329.420 182.626 1.300 1.789 4.277 -21.224 0.645 49.437 -62.109 1
64 1 Car 0 0 0 654.672 157.629 691.856 178.275 1.300 1.790 4.504 4.640 0.608 48.510 165.892 1
64 20 Car 0 0 0 675.508 160.271 702.908 178.233 1.300 1.597 3.618 6.441 0.699 54.862 166.176 1
65 2 Car 0 0 0 259.048 162.742 329.432 182.550 1.300 1.789 4.277 -21.223 0.640 49.437 -62.109 1
65 1 Car 0 0 0 654.744 157.541 691.924 178.197 1.300 1.790 4.504 4.644 0.603 48.506 165.894 1
65 20 Car 0 0 0 675.501 160.183 702.911 178.159 1.300 1.597 3.618 6.438 0.692 54.838 166.179 1
66 2 Car 0 0 0 259.147 162.730 329.565 182.548 1.300 1.789 4.277 -21.205 0.639 49.412 -62.109 1
66 1 Car 0 0 0 654.758 157.541 691.937 178.197 1.300 1.790 4.504 4.645 0.603 48.505 165.894 1
66 20 Car 0 0 0 675.483 160.184 702.892 178.159 1.300 1.597 3.618 6.437 0.692 54.841 166.179 1
67 2 Car 0 0 0 259.077 162.815 329.479 182.626 1.300 1.789 4.277 -21.215 0.645 49.424 -62.109 1
67 1 Car 0 0 0 654.732 157.633 691.912 178.281 1.300 1.790 4.504 4.643 0.608 48.506 165.895 1
67 20 Car 0 0 0 675.377 160.270 702.797 178.243 1.300 1.597 3.618 6.428 0.699 54.827 166.181 1
68 2 Car 0 0 0 257.482 162.774 327.920 182.592 1.300 1.789 4.277 -21.316 0.641 49.409 -62.109 1
68 1 Car 0 0 0 654.816 157.567 691.986 178.220 1.300 1.790 4.504 4.649 0.604 48.508 165.896 1
68 20 Car 0 0 0 675.320 160.217 702.728 178.184 1.300 1.597 3.618 6.427 0.695 54.860 166.182 1
69 2 Car 0 0 0 257.429 162.832 327.878 182.651 1.300 1.789 4.277 -21.316 0.645 49.401 -62.109 1
69 1 Car 0 0 0 654.848 157.634 692.015 178.281 1.300 1.790 4.504 4.651 0.609 48.507 165.897 1
69 20 Car 0 0 0 675.231 160.291 702.631 178.245 1.300 1.597 3.618 6.423 0.700 54.884 166.183 1