3 5 Car 0 0 0 560.499 186.592 611.261 226.196 1.500 1.800 4.400 -1.067 2.109 30.580 6.340 1
4 5 Car 0 0 0 544.443 192.833 649.973 223.983 1.206 4.360 1.068 -0.520 2.097 30.760 13.337 1
4 6 Car 0 0 0 656.386 183.213 690.557 208.196 1.500 1.800 4.400 4.084 2.187 46.567 0.000 1
5 5 Car 0 0 0 557.735 192.362 663.283 223.330 1.210 4.430 0.924 0.057 2.086 30.976 14.579 1
5 6 Car 0 0 0 664.679 200.633 682.221 207.022 0.381 1.073 0.627 4.125 2.189 46.575 0.000 1
6 5 Car 0 0 0 569.662 191.812 675.749 222.750 1.219 4.490 0.922 0.585 2.077 31.190 14.404 1
6 6 Car 0 0 0 665.308 201.195 682.063 207.005 0.349 1.038 0.448 4.142 2.191 46.581 0.000 1
7 5 Car 0 0 0 581.259 191.401 687.761 222.075 1.217 4.554 0.929 1.107 2.063 31.441 15.123 1
7 6 Car 0 0 0 665.540 201.417 682.013 206.930 0.332 1.026 0.384 4.148 2.188 46.583 0.000 1
8 5 Car 0 0 0 592.568 191.114 699.262 221.420 1.212 4.575 1.025 1.612 2.054 31.726 14.240 1
8 6 Car 0 0 0 668.653 201.631 684.057 206.866 0.316 0.959 0.351 4.315 2.185 46.580 0.000 1
9 5 Car 0 0 0 603.516 190.952 709.140 220.782 1.203 4.565 1.064 2.090 2.045 32.029 14.751 1
9 6 Car 0 0 0 669.649 201.607 685.060 206.842 0.316 0.959 0.351 4.379 2.183 46.583 0.000 1
10 5 Car 0 0 0 614.543 190.832 719.275 220.161 1.192 4.571 1.098 2.587 2.037 32.358 15.568 1
10 6 Car 0 0 0 670.739 201.618 686.158 206.852 0.316 0.959 0.351 4.450 2.184 46.586 0.000 1
11 5 Car 0 0 0 625.498 191.014 729.336 219.446 1.165 4.576 1.145 3.093 2.028 32.722 16.184 1
11 6 Car 0 0 0 670.699 198.669 685.071 206.193 0.476 0.889 0.331 4.533 2.198 47.829 8.824 1
12 5 Car 0 0 0 635.991 190.795 738.960 218.795 1.158 4.579 1.187 3.588 2.021 33.085 16.565 1
12 6 Car 0 0 0 671.309 197.233 684.904 205.974 0.562 0.842 0.318 4.596 2.206 48.326 14.754 1
13 5 Car 0 0 0 645.883 190.775 747.565 218.050 1.139 4.559 1.236 4.057 2.010 33.465 16.871 1
13 6 Car 0 0 0 671.902 197.085 685.430 205.780 0.562 0.842 0.318 4.657 2.204 48.569 14.754 1
14 5 Car 0 0 0 655.594 190.564 755.965 217.326 1.132 4.542 1.283 4.533 2.003 33.898 17.122 1
14 6 Car 0 0 0 672.628 196.999 686.091 205.650 0.562 0.842 0.318 4.727 2.206 48.810 14.754 1
15 5 Car 0 0 0 663.997 190.357 762.276 216.636 1.126 4.480 1.321 4.937 1.998 34.319 17.120 1
15 6 Car 0 0 0 666.440 198.315 679.437 206.281 0.508 0.809 0.308 4.210 2.207 47.876 6.338 1
16 5 Car 0 0 0 672.824 190.394 769.664 215.877 1.106 4.470 1.357 5.402 1.992 34.831 17.584 1
16 6 Car 0 0 0 664.702 198.965 677.729 206.606 0.478 0.759 0.399 4.058 2.206 47.442 14.391 1
17 5 Car 0 0 0 681.392 190.757 776.355 215.172 1.071 4.450 1.376 5.858 1.989 35.352 18.344 1
17 6 Car 0 0 0 665.343 199.580 679.099 206.773 0.445 0.813 0.382 4.101 2.204 47.169 12.809 1
18 5 Car 0 0 0 689.464 190.273 782.879 214.317 1.073 4.438 1.412 6.316 1.980 35.922 18.889 1
18 6 Car 0 0 0 664.865 199.773 679.344 206.851 0.431 0.801 0.496 4.074 2.196 46.953 19.332 1
19 5 Car 0 0 0 697.737 190.312 789.419 213.621 1.056 4.445 1.419 6.799 1.979 36.527 19.923 1
19 6 Car 0 0 0 664.943 200.187 679.522 207.002 0.413 0.819 0.473 4.070 2.200 46.818 17.591 1
20 5 Car 0 0 0 702.440 190.043 788.898 213.124 1.056 4.258 1.468 6.987 1.975 36.930 24.021 1
20 6 Car 0 0 0 664.674 200.290 679.941 206.968 0.403 0.875 0.455 4.066 2.193 46.714 16.137 1
21 5 Car 0 0 0 706.587 190.033 790.039 212.526 1.046 4.137 1.452 7.213 1.975 37.417 23.319 1
21 6 Car 0 0 0 664.475 200.315 679.762 207.002 0.403 0.875 0.455 4.049 2.192 46.653 16.137 1
22 5 Car 0 0 0 710.237 190.243 789.183 211.954 1.022 3.964 1.484 7.383 1.972 37.909 25.975 1
22 6 Car 0 0 0 664.607 200.362 680.183 207.001 0.396 0.847 0.535 4.057 2.185 46.547 21.775 1
23 5 Car 0 0 0 713.604 190.643 788.402 211.500 0.994 3.811 1.506 7.562 1.979 38.468 28.243 1
23 6 Car 0 0 0 664.493 200.672 680.552 207.100 0.382 0.893 0.515 4.062 2.190 46.511 20.231 1
24 5 Car 0 0 0 717.375 190.710 788.101 210.914 0.979 3.670 1.516 7.775 1.982 39.069 30.634 1
24 6 Car 0 0 0 664.407 200.839 680.898 207.102 0.371 0.933 0.497 4.069 2.189 46.487 18.891 1
25 5 Car 0 0 0 720.573 190.837 787.609 210.379 0.964 3.540 1.530 7.983 1.989 39.739 32.685 1
25 6 Car 0 0 0 664.924 201.040 681.584 207.161 0.362 0.953 0.482 4.106 2.192 46.473 17.718 1
26 5 Car 0 0 0 723.223 190.819 787.059 209.730 0.951 3.417 1.542 8.184 1.992 40.448 34.016 1
26 6 Car 0 0 0 664.915 201.084 681.515 207.138 0.358 0.956 0.468 4.103 2.191 46.466 16.682 1
27 5 Car 0 0 0 726.435 190.849 787.075 209.075 0.936 3.295 1.544 8.428 1.997 41.203 35.237 1
27 6 Car 0 0 0 664.924 201.218 681.470 207.138 0.350 0.958 0.456 4.102 2.191 46.465 15.760 1
28 5 Car 0 0 0 729.090 190.901 786.905 208.466 0.921 3.194 1.550 8.661 2.003 41.993 36.550 1
28 6 Car 0 0 0 665.340 201.346 682.030 207.150 0.342 0.973 0.445 4.133 2.192 46.468 14.935 1
29 5 Car 0 0 0 732.031 191.015 787.154 207.774 0.897 3.093 1.561 8.926 2.006 42.824 37.892 1
29 6 Car 0 0 0 665.228 201.441 681.865 207.120 0.335 0.975 0.436 4.125 2.191 46.475 14.192 1
30 5 Car 0 0 0 734.354 191.119 787.226 207.170 0.876 3.005 1.574 9.175 2.013 43.678 38.834 1
30 6 Car 0 0 0 665.421 201.480 682.283 207.142 0.334 0.989 0.438 4.145 2.192 46.482 14.184 1
31 5 Car 0 0 0 737.971 191.018 787.922 206.500 0.864 2.916 1.554 9.484 2.014 44.514 40.655 1
31 6 Car 0 0 0 665.155 201.485 682.295 207.111 0.331 1.012 0.430 4.138 2.191 46.493 13.543 1
32 5 Car 0 0 0 739.666 191.060 787.392 205.944 0.849 2.839 1.555 9.715 2.024 45.429 41.869 1
32 6 Car 0 0 0 665.562 201.616 682.799 207.146 0.325 1.023 0.422 4.168 2.194 46.504 12.956 1
33 5 Car 0 0 0 741.528 190.994 787.596 205.273 0.833 2.769 1.512 9.974 2.026 46.342 40.478 1
33 6 Car 0 0 0 665.304 201.670 682.475 207.082 0.318 1.022 0.415 4.150 2.191 46.515 12.419 1
34 5 Car 0 0 0 744.212 190.986 787.909 204.692 0.817 2.696 1.495 10.270 2.032 47.262 42.070 1
34 6 Car 0 0 0 664.741 201.807 681.700 207.106 0.312 1.011 0.408 4.108 2.193 46.526 11.924 1
35 5 Car 0 0 0 744.942 190.954 786.926 204.166 0.805 2.629 1.498 10.469 2.041 48.223 42.884 1
35 6 Car 0 0 0 664.002 201.852 680.846 207.156 0.311 0.989 0.442 4.059 2.196 46.546 14.378 1
35 14 Car 0 0 0 740.829 180.898 781.010 204.259 1.500 1.800 4.400 10.274 2.060 49.210 0.000 1
36 5 Car 0 0 0 745.898 190.824 786.596 203.552 0.792 2.579 1.461 10.696 2.043 49.180 41.588 1
36 6 Car 0 0 0 664.560 201.786 681.496 207.057 0.309 0.998 0.435 4.098 2.190 46.553 13.847 1
36 14 Car 0 0 0 754.142 190.964 768.313 202.644 0.790 0.845 0.627 10.569 2.061 50.257 0.000 1
37 5 Car 0 0 0 747.112 190.873 786.046 203.121 0.778 2.516 1.448 10.930 2.056 50.152 42.467 1
37 6 Car 0 0 0 665.004 201.907 682.027 207.128 0.306 1.007 0.428 4.130 2.195 46.560 13.354 1
37 14 Car 0 0 0 754.501 190.868 768.468 202.373 0.790 0.845 0.627 10.744 2.073 51.005 0.000 1
38 5 Car 0 0 0 748.351 190.598 786.621 202.619 0.778 2.516 1.448 11.180 2.057 51.007 42.467 1
38 6 Car 0 0 0 665.363 201.864 682.467 207.063 0.305 1.016 0.422 4.157 2.192 46.566 12.895 1
38 14 Car 0 0 0 754.832 190.636 768.600 201.972 0.790 0.845 0.627 10.918 2.075 51.752 0.000 1
39 5 Car 0 0 0 749.570 190.430 787.198 202.238 0.778 2.516 1.448 11.432 2.066 51.863 42.467 1
39 6 Car 0 0 0 665.675 201.932 682.857 207.104 0.303 1.023 0.416 4.180 2.195 46.570 12.467 1
39 14 Car 0 0 0 755.174 190.511 768.749 201.683 0.790 0.845 0.627 11.094 2.084 52.500 0.000 1
40 5 Car 0 0 0 748.569 190.427 784.925 201.726 0.761 2.458 1.414 11.552 2.075 52.960 41.257 1
40 6 Car 0 0 0 665.946 201.944 683.202 207.058 0.300 1.031 0.411 4.200 2.192 46.574 12.066 1
40 14 Car 0 0 0 755.534 190.300 768.922 201.312 0.790 0.845 0.627 11.271 2.087 53.247 0.000 1
41 5 Car 0 0 0 749.383 190.292 785.134 201.392 0.761 2.458 1.414 11.784 2.086 53.850 41.257 1
41 6 Car 0 0 0 666.127 202.082 683.452 207.126 0.295 1.037 0.406 4.214 2.197 46.577 11.690 1
41 14 Car 0 0 0 755.844 190.205 769.049 201.063 0.790 0.845 0.627 11.446 2.098 53.994 0.000 1
42 5 Car 0 0 0 748.929 190.307 783.462 200.952 0.746 2.404 1.382 11.949 2.099 54.980 40.115 1
42 6 Car 0 0 0 666.269 202.112 683.659 207.145 0.295 1.044 0.401 4.225 2.198 46.579 11.337 1
42 14 Car 0 0 0 756.169 190.065 769.197 200.771 0.790 0.845 0.627 11.622 2.105 54.742 0.000 1
43 5 Car 0 0 0 749.533 190.131 783.494 200.588 0.746 2.404 1.382 12.174 2.108 55.902 40.115 1
43 6 Car 0 0 0 666.218 202.140 683.726 207.173 0.295 1.051 0.404 4.226 2.200 46.579 11.416 1
43 14 Car 0 0 0 756.486 189.928 769.341 200.488 0.790 0.845 0.627 11.799 2.112 55.489 0.000 1
44 5 Car 0 0 0 750.068 189.940 783.475 200.214 0.746 2.404 1.382 12.395 2.114 56.824 40.115 1
44 6 Car 0 0 0 666.260 202.151 683.825 207.176 0.294 1.057 0.399 4.231 2.200 46.581 11.091 1
44 14 Car 0 0 0 756.745 189.774 769.431 200.191 0.790 0.845 0.627 11.971 2.118 56.238 0.000 1
45 5 Car 0 0 0 750.644 189.799 783.516 199.898 0.746 2.404 1.382 12.620 2.125 57.746 40.115 1
45 6 Car 0 0 0 665.862 202.238 683.376 207.237 0.293 1.055 0.395 4.203 2.204 46.581 10.784 1
45 14 Car 0 0 0 757.056 189.668 769.578 199.947 0.790 0.845 0.627 12.149 2.127 56.985 0.000 1
46 5 Car 0 0 0 751.155 189.633 783.508 199.563 0.746 2.404 1.382 12.842 2.133 58.668 40.115 1
46 6 Car 0 0 0 665.372 202.268 683.040 207.267 0.293 1.067 0.391 4.177 2.206 46.582 10.493 1
47 5 Car 0 0 0 751.624 189.412 783.474 199.175 0.746 2.404 1.382 13.061 2.135 59.591 40.115 1
47 6 Car 0 0 0 665.495 202.222 683.213 207.214 0.293 1.072 0.388 4.186 2.203 46.583 10.218 1
48 5 Car 0 0 0 752.139 189.336 783.502 198.943 0.746 2.404 1.382 13.286 2.150 60.514 40.115 1
48 6 Car 0 0 0 665.648 202.305 683.414 207.297 0.293 1.076 0.384 4.198 2.208 46.583 9.956 1
49 5 Car 0 0 0 752.633 189.105 783.523 198.555 0.746 2.404 1.382 13.510 2.151 61.436 40.115 1
49 6 Car 0 0 0 665.228 202.273 682.917 207.251 0.290 1.061 0.413 4.169 2.205 46.591 11.670 1
50 5 Car 0 0 0 753.033 188.994 783.463 198.296 0.746 2.404 1.382 13.728 2.162 62.360 40.115 1
50 6 Car 0 0 0 665.364 202.361 683.098 207.302 0.288 1.065 0.409 4.179 2.208 46.589 11.386 1
51 5 Car 0 0 0 753.546 188.850 783.531 198.007 0.746 2.404 1.382 13.956 2.170 63.281 40.115 1
51 6 Car 0 0 0 665.023 202.385 682.696 207.325 0.287 1.050 0.435 4.155 2.209 46.595 12.985 1
52 6 Car 0 0 0 665.258 202.379 682.973 207.303 0.286 1.055 0.431 4.172 2.208 46.592 12.684 1
53 6 Car 0 0 0 665.428 202.363 683.184 207.269 0.285 1.060 0.427 4.184 2.206 46.590 12.396 1
54 6 Car 0 0 0 668.597 202.155 686.011 207.024 0.286 1.047 0.423 4.399 2.202 46.821 10.126 1
55 6 Car 0 0 0 668.295 202.273 685.765 207.111 0.283 1.052 0.419 4.377 2.206 46.783 9.906 1
56 6 Car 0 0 0 667.945 202.304 685.468 207.153 0.284 1.056 0.416 4.353 2.207 46.747 9.696 1
57 6 Car 0 0 0 666.535 202.353 683.988 207.241 0.285 1.043 0.434 4.257 2.211 46.724 11.074 1
58 6 Car 0 0 0 665.983 202.363 683.409 207.237 0.284 1.042 0.430 4.218 2.209 46.692 10.848 1
59 6 Car 0 0 0 665.488 202.469 682.886 207.337 0.284 1.041 0.426 4.182 2.214 46.664 10.631 1
60 6 Car 0 0 0 665.555 202.470 683.002 207.333 0.284 1.045 0.423 4.186 2.213 46.640 10.423 1
61 6 Car 0 0 0 665.028 202.637 682.442 207.497 0.282 1.034 0.444 4.150 2.222 46.628 11.762 1
62 6 Car 0 0 0 665.196 202.609 682.654 207.445 0.281 1.038 0.440 4.161 2.218 46.611 11.531 1
63 6 Car 0 0 0 664.268 202.684 681.670 207.527 0.280 1.027 0.456 4.099 2.223 46.606 12.794 1
64 6 Car 0 0 0 663.607 202.738 681.045 207.556 0.279 1.031 0.452 4.056 2.224 46.593 12.543 1
65 6 Car 0 0 0 664.056 202.708 681.534 207.535 0.279 1.035 0.448 4.085 2.222 46.583 12.298 1
66 6 Car 0 0 0 664.012 202.765 681.503 207.617 0.280 1.025 0.467 4.079 2.225 46.543 13.821 1
67 6 Car 0 0 0 663.414 202.765 680.933 207.605 0.279 1.029 0.463 4.042 2.224 46.542 13.550 1
68 6 Car 0 0 0 662.835 202.782 680.305 207.653 0.280 1.019 0.477 4.004 2.228 46.553 14.774 1
69 6 Car 0 0 0 663.056 202.791 680.494 207.644 0.279 1.019 0.473 4.017 2.227 46.554 14.484 1
70 6 Car 0 0 0 662.520 202.885 679.967 207.754 0.280 1.012 0.486 3.982 2.233 46.542 15.690 1
71 6 Car 0 0 0 663.328 202.783 680.804 207.640 0.279 1.016 0.483 4.035 2.226 46.546 15.382 1
72 6 Car 0 0 0 663.983 202.842 681.486 207.678 0.278 1.020 0.479 4.079 2.229 46.550 15.080 1
72 15 Car 0 0 0 400.837 190.648 489.008 220.988 1.500 1.800 4.400 -8.722 2.465 38.211 63.435 1
73 6 Car 0 0 0 663.482 202.779 680.945 207.627 0.278 1.010 0.491 4.046 2.226 46.564 16.274 1
73 15 Car 0 0 0 429.013 194.122 457.711 220.048 1.322 1.034 1.109 -8.822 2.467 38.330 46.676 1
74 6 Car 0 0 0 663.695 202.786 681.126 207.607 0.277 1.010 0.488 4.059 2.225 46.566 15.955 1
74 15 Car 0 0 0 426.768 194.959 453.559 219.965 1.281 1.033 0.913 -9.009 2.472 38.415 54.656 1
74 17 Car 0 0 0 387.366 190.549 475.570 219.769 1.500 1.800 4.400 -9.740 2.511 39.715 90.000 1